[0, 1]
[0, 0]
[0, 1, 1, 0]
[0, 6, 17, 8, 4, 9, 3, 2, 1]
[0, 0]
[0, 6, 6, 0]
[0, 6, 17, 17, 6, 0]
[0, 6, 17, 8, 8, 17, 6, 0]
[0, 6, 17, 8, 4, 4, 8, 17, 6, 0]
[0, 6, 17, 8, 4, 9, 9, 4, 8, 17, 6, 0]
[0, 6, 17, 8, 4, 9, 3, 3, 9, 4, 8, 17, 6, 0]
[0, 6, 17, 8, 4, 9, 3, 2, 2, 3, 9, 4, 8, 17, 6, 0]
[0, 6, 17, 8, 4, 9, 3, 2, 1, 1, 2, 3, 9, 4, 8, 17, 6, 0]
[0, 6, 17, 8, 14, 19, 20, 15, 11, 5, 10, 16, 12, 2, 1]
[0, 0]
[0, 6, 6, 0]
[0, 6, 17, 17, 6, 0]
[0, 6, 17, 8, 8, 17, 6, 0]
[0, 6, 17, 8, 14, 14, 8, 17, 6, 0]
[0, 6, 17, 8, 14, 19, 19, 14, 8, 17, 6, 0]
[0, 6, 17, 8, 14, 19, 20, 20, 19, 14, 8, 17, 6, 0]
[0, 6, 17, 8, 14, 19, 20, 15, 15, 20, 19, 14, 8, 17, 6, 0]
[0, 6, 17, 8, 14, 19, 20, 15, 11, 11, 15, 20, 19, 14, 8, 17, 6, 0]
[0, 6, 17, 8, 14, 19, 20, 15, 11, 5, 5, 11, 15, 20, 19, 14, 8, 17, 6, 0]
[0, 6, 17, 8, 14, 19, 20, 15, 11, 5, 10, 10, 5, 11, 15, 20, 19, 14, 8, 17, 6, 0]
[0, 6, 17, 8, 14, 19, 20, 15, 11, 5, 10, 16, 16, 10, 5, 11, 15, 20, 19, 14, 8, 17, 6, 0]
[0, 6, 17, 8, 14, 19, 20, 15, 11, 5, 10, 16, 12, 12, 16, 10, 5, 11, 15, 20, 19, 14, 8, 17, 6, 0]
[0, 6, 17, 8, 14, 19, 20, 15, 11, 5, 10, 16, 12, 2, 2, 12, 16, 10, 5, 11, 15, 20, 19, 14, 8, 17, 6, 0]
[0, 6, 17, 8, 14, 19, 20, 15, 11, 5, 10, 16, 12, 2, 1, 1, 2, 12, 16, 10, 5, 11, 15, 20, 19, 14, 8, 17, 6, 0]
[0, 6, 17, 8, 7, 3, 2, 1]
[0, 0]
[0, 6, 6, 0]
[0, 6, 17, 17, 6, 0]
[0, 6, 17, 8, 8, 17, 6, 0]
[0, 6, 17, 8, 7, 7, 8, 17, 6, 0]
[0, 6, 17, 8, 7, 3, 3, 7, 8, 17, 6, 0]
[0, 6, 17, 8, 7, 3, 2, 2, 3, 7, 8, 17, 6, 0]
[0, 6, 17, 8, 7, 3, 2, 1, 1, 2, 3, 7, 8, 17, 6, 0]
[0, 6, 17, 19, 20, 15, 11, 5, 10, 16, 12, 2, 1]
[0, 0]
[0, 6, 6, 0]
[0, 6, 17, 17, 6, 0]
[0, 6, 17, 19, 19, 17, 6, 0]
[0, 6, 17, 19, 20, 20, 19, 17, 6, 0]
[0, 6, 17, 19, 20, 15, 15, 20, 19, 17, 6, 0]
[0, 6, 17, 19, 20, 15, 11, 11, 15, 20, 19, 17, 6, 0]
[0, 6, 17, 19, 20, 15, 11, 5, 5, 11, 15, 20, 19, 17, 6, 0]
[0, 6, 17, 19, 20, 15, 11, 5, 10, 10, 5, 11, 15, 20, 19, 17, 6, 0]
[0, 6, 17, 19, 20, 15, 11, 5, 10, 16, 16, 10, 5, 11, 15, 20, 19, 17, 6, 0]
[0, 6, 17, 19, 20, 15, 11, 5, 10, 16, 12, 12, 16, 10, 5, 11, 15, 20, 19, 17, 6, 0]
[0, 6, 17, 19, 20, 15, 11, 5, 10, 16, 12, 2, 2, 12, 16, 10, 5, 11, 15, 20, 19, 17, 6, 0]
[0, 6, 17, 19, 20, 15, 11, 5, 10, 16, 12, 2, 1, 1, 2, 12, 16, 10, 5, 11, 15, 20, 19, 17, 6, 0]
[0, 6, 17, 19, 14, 8, 4, 9, 3, 2, 1]
[0, 0]
[0, 6, 6, 0]
[0, 6, 17, 17, 6, 0]
[0, 6, 17, 19, 19, 17, 6, 0]
[0, 6, 17, 19, 14, 14, 19, 17, 6, 0]
[0, 6, 17, 19, 14, 8, 8, 14, 19, 17, 6, 0]
[0, 6, 17, 19, 14, 8, 4, 4, 8, 14, 19, 17, 6, 0]
[0, 6, 17, 19, 14, 8, 4, 9, 9, 4, 8, 14, 19, 17, 6, 0]
[0, 6, 17, 19, 14, 8, 4, 9, 3, 3, 9, 4, 8, 14, 19, 17, 6, 0]
[0, 6, 17, 19, 14, 8, 4, 9, 3, 2, 2, 3, 9, 4, 8, 14, 19, 17, 6, 0]
[0, 6, 17, 19, 14, 8, 4, 9, 3, 2, 1, 1, 2, 3, 9, 4, 8, 14, 19, 17, 6, 0]
[0, 6, 17, 19, 14, 8, 7, 3, 2, 1]
[0, 0]
[0, 6, 6, 0]
[0, 6, 17, 17, 6, 0]
[0, 6, 17, 19, 19, 17, 6, 0]
[0, 6, 17, 19, 14, 14, 19, 17, 6, 0]
[0, 6, 17, 19, 14, 8, 8, 14, 19, 17, 6, 0]
[0, 6, 17, 19, 14, 8, 7, 7, 8, 14, 19, 17, 6, 0]
[0, 6, 17, 19, 14, 8, 7, 3, 3, 7, 8, 14, 19, 17, 6, 0]
[0, 6, 17, 19, 14, 8, 7, 3, 2, 2, 3, 7, 8, 14, 19, 17, 6, 0]
[0, 6, 17, 19, 14, 8, 7, 3, 2, 1, 1, 2, 3, 7, 8, 14, 19, 17, 6, 0]
[0, 6, 3, 9, 4, 8, 17, 19, 20, 15, 11, 5, 10, 16, 12, 2, 1]
[0, 0]
[0, 6, 6, 0]
[0, 6, 3, 3, 6, 0]
[0, 6, 3, 9, 9, 3, 6, 0]
[0, 6, 3, 9, 4, 4, 9, 3, 6, 0]
[0, 6, 3, 9, 4, 8, 8, 4, 9, 3, 6, 0]
[0, 6, 3, 9, 4, 8, 17, 17, 8, 4, 9, 3, 6, 0]
[0, 6, 3, 9, 4, 8, 17, 19, 19, 17, 8, 4, 9, 3, 6, 0]
[0, 6, 3, 9, 4, 8, 17, 19, 20, 20, 19, 17, 8, 4, 9, 3, 6, 0]
[0, 6, 3, 9, 4, 8, 17, 19, 20, 15, 15, 20, 19, 17, 8, 4, 9, 3, 6, 0]
[0, 6, 3, 9, 4, 8, 17, 19, 20, 15, 11, 11, 15, 20, 19, 17, 8, 4, 9, 3, 6, 0]
[0, 6, 3, 9, 4, 8, 17, 19, 20, 15, 11, 5, 5, 11, 15, 20, 19, 17, 8, 4, 9, 3, 6, 0]
[0, 6, 3, 9, 4, 8, 17, 19, 20, 15, 11, 5, 10, 10, 5, 11, 15, 20, 19, 17, 8, 4, 9, 3, 6, 0]
[0, 6, 3, 9, 4, 8, 17, 19, 20, 15, 11, 5, 10, 16, 16, 10, 5, 11, 15, 20, 19, 17, 8, 4, 9, 3, 6, 0]
[0, 6, 3, 9, 4, 8, 17, 19, 20, 15, 11, 5, 10, 16, 12, 12, 16, 10, 5, 11, 15, 20, 19, 17, 8, 4, 9, 3, 6, 0]
[0, 6, 3, 9, 4, 8, 17, 19, 20, 15, 11, 5, 10, 16, 12, 2, 2, 12, 16, 10, 5, 11, 15, 20, 19, 17, 8, 4, 9, 3, 6, 0]
[0, 6, 3, 9, 4, 8, 17, 19, 20, 15, 11, 5, 10, 16, 12, 2, 1, 1, 2, 12, 16, 10, 5, 11, 15, 20, 19, 17, 8, 4, 9, 3, 6, 0]
[0, 6, 3, 9, 4, 8, 14, 19, 20, 15, 11, 5, 10, 16, 12, 2, 1]
[0, 0]
[0, 6, 6, 0]
[0, 6, 3, 3, 6, 0]
[0, 6, 3, 9, 9, 3, 6, 0]
[0, 6, 3, 9, 4, 4, 9, 3, 6, 0]
[0, 6, 3, 9, 4, 8, 8, 4, 9, 3, 6, 0]
[0, 6, 3, 9, 4, 8, 14, 14, 8, 4, 9, 3, 6, 0]
[0, 6, 3, 9, 4, 8, 14, 19, 19, 14, 8, 4, 9, 3, 6, 0]
[0, 6, 3, 9, 4, 8, 14, 19, 20, 20, 19, 14, 8, 4, 9, 3, 6, 0]
[0, 6, 3, 9, 4, 8, 14, 19, 20, 15, 15, 20, 19, 14, 8, 4, 9, 3, 6, 0]
[0, 6, 3, 9, 4, 8, 14, 19, 20, 15, 11, 11, 15, 20, 19, 14, 8, 4, 9, 3, 6, 0]
[0, 6, 3, 9, 4, 8, 14, 19, 20, 15, 11, 5, 5, 11, 15, 20, 19, 14, 8, 4, 9, 3, 6, 0]
[0, 6, 3, 9, 4, 8, 14, 19, 20, 15, 11, 5, 10, 10, 5, 11, 15, 20, 19, 14, 8, 4, 9, 3, 6, 0]
[0, 6, 3, 9, 4, 8, 14, 19, 20, 15, 11, 5, 10, 16, 16, 10, 5, 11, 15, 20, 19, 14, 8, 4, 9, 3, 6, 0]
[0, 6, 3, 9, 4, 8, 14, 19, 20, 15, 11, 5, 10, 16, 12, 12, 16, 10, 5, 11, 15, 20, 19, 14, 8, 4, 9, 3, 6, 0]
[0, 6, 3, 9, 4, 8, 14, 19, 20, 15, 11, 5, 10, 16, 12, 2, 2, 12, 16, 10, 5, 11, 15, 20, 19, 14, 8, 4, 9, 3, 6, 0]
[0, 6, 3, 9, 4, 8, 14, 19, 20, 15, 11, 5, 10, 16, 12, 2, 1, 1, 2, 12, 16, 10, 5, 11, 15, 20, 19, 14, 8, 4, 9, 3, 6, 0]
[0, 6, 3, 2, 1]
[0, 0]
[0, 6, 6, 0]
[0, 6, 3, 3, 6, 0]
[0, 6, 3, 2, 2, 3, 6, 0]
[0, 6, 3, 2, 1, 1, 2, 3, 6, 0]
[0, 6, 3, 7, 8, 17, 19, 20, 15, 11, 5, 10, 16, 12, 2, 1]
[0, 0]
[0, 6, 6, 0]
[0, 6, 3, 3, 6, 0]
[0, 6, 3, 7, 7, 3, 6, 0]
[0, 6, 3, 7, 8, 8, 7, 3, 6, 0]
[0, 6, 3, 7, 8, 17, 17, 8, 7, 3, 6, 0]
[0, 6, 3, 7, 8, 17, 19, 19, 17, 8, 7, 3, 6, 0]
[0, 6, 3, 7, 8, 17, 19, 20, 20, 19, 17, 8, 7, 3, 6, 0]
[0, 6, 3, 7, 8, 17, 19, 20, 15, 15, 20, 19, 17, 8, 7, 3, 6, 0]
[0, 6, 3, 7, 8, 17, 19, 20, 15, 11, 11, 15, 20, 19, 17, 8, 7, 3, 6, 0]
[0, 6, 3, 7, 8, 17, 19, 20, 15, 11, 5, 5, 11, 15, 20, 19, 17, 8, 7, 3, 6, 0]
[0, 6, 3, 7, 8, 17, 19, 20, 15, 11, 5, 10, 10, 5, 11, 15, 20, 19, 17, 8, 7, 3, 6, 0]
[0, 6, 3, 7, 8, 17, 19, 20, 15, 11, 5, 10, 16, 16, 10, 5, 11, 15, 20, 19, 17, 8, 7, 3, 6, 0]
[0, 6, 3, 7, 8, 17, 19, 20, 15, 11, 5, 10, 16, 12, 12, 16, 10, 5, 11, 15, 20, 19, 17, 8, 7, 3, 6, 0]
[0, 6, 3, 7, 8, 17, 19, 20, 15, 11, 5, 10, 16, 12, 2, 2, 12, 16, 10, 5, 11, 15, 20, 19, 17, 8, 7, 3, 6, 0]
[0, 6, 3, 7, 8, 17, 19, 20, 15, 11, 5, 10, 16, 12, 2, 1, 1, 2, 12, 16, 10, 5, 11, 15, 20, 19, 17, 8, 7, 3, 6, 0]
[0, 6, 3, 7, 8, 14, 19, 20, 15, 11, 5, 10, 16, 12, 2, 1]
[0, 0]
[0, 6, 6, 0]
[0, 6, 3, 3, 6, 0]
[0, 6, 3, 7, 7, 3, 6, 0]
[0, 6, 3, 7, 8, 8, 7, 3, 6, 0]
[0, 6, 3, 7, 8, 14, 14, 8, 7, 3, 6, 0]
[0, 6, 3, 7, 8, 14, 19, 19, 14, 8, 7, 3, 6, 0]
[0, 6, 3, 7, 8, 14, 19, 20, 20, 19, 14, 8, 7, 3, 6, 0]
[0, 6, 3, 7, 8, 14, 19, 20, 15, 15, 20, 19, 14, 8, 7, 3, 6, 0]
[0, 6, 3, 7, 8, 14, 19, 20, 15, 11, 11, 15, 20, 19, 14, 8, 7, 3, 6, 0]
[0, 6, 3, 7, 8, 14, 19, 20, 15, 11, 5, 5, 11, 15, 20, 19, 14, 8, 7, 3, 6, 0]
[0, 6, 3, 7, 8, 14, 19, 20, 15, 11, 5, 10, 10, 5, 11, 15, 20, 19, 14, 8, 7, 3, 6, 0]
[0, 6, 3, 7, 8, 14, 19, 20, 15, 11, 5, 10, 16, 16, 10, 5, 11, 15, 20, 19, 14, 8, 7, 3, 6, 0]
[0, 6, 3, 7, 8, 14, 19, 20, 15, 11, 5, 10, 16, 12, 12, 16, 10, 5, 11, 15, 20, 19, 14, 8, 7, 3, 6, 0]
[0, 6, 3, 7, 8, 14, 19, 20, 15, 11, 5, 10, 16, 12, 2, 2, 12, 16, 10, 5, 11, 15, 20, 19, 14, 8, 7, 3, 6, 0]
[0, 6, 3, 7, 8, 14, 19, 20, 15, 11, 5, 10, 16, 12, 2, 1, 1, 2, 12, 16, 10, 5, 11, 15, 20, 19, 14, 8, 7, 3, 6, 0]
[0, 6, 11, 5, 10, 16, 12, 2, 1]
[0, 0]
[0, 6, 6, 0]
[0, 6, 11, 11, 6, 0]
[0, 6, 11, 5, 5, 11, 6, 0]
[0, 6, 11, 5, 10, 10, 5, 11, 6, 0]
[0, 6, 11, 5, 10, 16, 16, 10, 5, 11, 6, 0]
[0, 6, 11, 5, 10, 16, 12, 12, 16, 10, 5, 11, 6, 0]
[0, 6, 11, 5, 10, 16, 12, 2, 2, 12, 16, 10, 5, 11, 6, 0]
[0, 6, 11, 5, 10, 16, 12, 2, 1, 1, 2, 12, 16, 10, 5, 11, 6, 0]
[0, 6, 11, 15, 20, 19, 17, 8, 4, 9, 3, 2, 1]
[0, 0]
[0, 6, 6, 0]
[0, 6, 11, 11, 6, 0]
[0, 6, 11, 15, 15, 11, 6, 0]
[0, 6, 11, 15, 20, 20, 15, 11, 6, 0]
[0, 6, 11, 15, 20, 19, 19, 20, 15, 11, 6, 0]
[0, 6, 11, 15, 20, 19, 17, 17, 19, 20, 15, 11, 6, 0]
[0, 6, 11, 15, 20, 19, 17, 8, 8, 17, 19, 20, 15, 11, 6, 0]
[0, 6, 11, 15, 20, 19, 17, 8, 4, 4, 8, 17, 19, 20, 15, 11, 6, 0]
[0, 6, 11, 15, 20, 19, 17, 8, 4, 9, 9, 4, 8, 17, 19, 20, 15, 11, 6, 0]
[0, 6, 11, 15, 20, 19, 17, 8, 4, 9, 3, 3, 9, 4, 8, 17, 19, 20, 15, 11, 6, 0]
[0, 6, 11, 15, 20, 19, 17, 8, 4, 9, 3, 2, 2, 3, 9, 4, 8, 17, 19, 20, 15, 11, 6, 0]
[0, 6, 11, 15, 20, 19, 17, 8, 4, 9, 3, 2, 1, 1, 2, 3, 9, 4, 8, 17, 19, 20, 15, 11, 6, 0]
[0, 6, 11, 15, 20, 19, 17, 8, 7, 3, 2, 1]
[0, 0]
[0, 6, 6, 0]
[0, 6, 11, 11, 6, 0]
[0, 6, 11, 15, 15, 11, 6, 0]
[0, 6, 11, 15, 20, 20, 15, 11, 6, 0]
[0, 6, 11, 15, 20, 19, 19, 20, 15, 11, 6, 0]
[0, 6, 11, 15, 20, 19, 17, 17, 19, 20, 15, 11, 6, 0]
[0, 6, 11, 15, 20, 19, 17, 8, 8, 17, 19, 20, 15, 11, 6, 0]
[0, 6, 11, 15, 20, 19, 17, 8, 7, 7, 8, 17, 19, 20, 15, 11, 6, 0]
[0, 6, 11, 15, 20, 19, 17, 8, 7, 3, 3, 7, 8, 17, 19, 20, 15, 11, 6, 0]
[0, 6, 11, 15, 20, 19, 17, 8, 7, 3, 2, 2, 3, 7, 8, 17, 19, 20, 15, 11, 6, 0]
[0, 6, 11, 15, 20, 19, 17, 8, 7, 3, 2, 1, 1, 2, 3, 7, 8, 17, 19, 20, 15, 11, 6, 0]
[0, 6, 11, 15, 20, 19, 14, 8, 4, 9, 3, 2, 1]
[0, 0]
[0, 6, 6, 0]
[0, 6, 11, 11, 6, 0]
[0, 6, 11, 15, 15, 11, 6, 0]
[0, 6, 11, 15, 20, 20, 15, 11, 6, 0]
[0, 6, 11, 15, 20, 19, 19, 20, 15, 11, 6, 0]
[0, 6, 11, 15, 20, 19, 14, 14, 19, 20, 15, 11, 6, 0]
[0, 6, 11, 15, 20, 19, 14, 8, 8, 14, 19, 20, 15, 11, 6, 0]
[0, 6, 11, 15, 20, 19, 14, 8, 4, 4, 8, 14, 19, 20, 15, 11, 6, 0]
[0, 6, 11, 15, 20, 19, 14, 8, 4, 9, 9, 4, 8, 14, 19, 20, 15, 11, 6, 0]
[0, 6, 11, 15, 20, 19, 14, 8, 4, 9, 3, 3, 9, 4, 8, 14, 19, 20, 15, 11, 6, 0]
[0, 6, 11, 15, 20, 19, 14, 8, 4, 9, 3, 2, 2, 3, 9, 4, 8, 14, 19, 20, 15, 11, 6, 0]
[0, 6, 11, 15, 20, 19, 14, 8, 4, 9, 3, 2, 1, 1, 2, 3, 9, 4, 8, 14, 19, 20, 15, 11, 6, 0]
[0, 6, 11, 15, 20, 19, 14, 8, 7, 3, 2, 1]
[0, 0]
[0, 6, 6, 0]
[0, 6, 11, 11, 6, 0]
[0, 6, 11, 15, 15, 11, 6, 0]
[0, 6, 11, 15, 20, 20, 15, 11, 6, 0]
[0, 6, 11, 15, 20, 19, 19, 20, 15, 11, 6, 0]
[0, 6, 11, 15, 20, 19, 14, 14, 19, 20, 15, 11, 6, 0]
[0, 6, 11, 15, 20, 19, 14, 8, 8, 14, 19, 20, 15, 11, 6, 0]
[0, 6, 11, 15, 20, 19, 14, 8, 7, 7, 8, 14, 19, 20, 15, 11, 6, 0]
[0, 6, 11, 15, 20, 19, 14, 8, 7, 3, 3, 7, 8, 14, 19, 20, 15, 11, 6, 0]
[0, 6, 11, 15, 20, 19, 14, 8, 7, 3, 2, 2, 3, 7, 8, 14, 19, 20, 15, 11, 6, 0]
[0, 6, 11, 15, 20, 19, 14, 8, 7, 3, 2, 1, 1, 2, 3, 7, 8, 14, 19, 20, 15, 11, 6, 0]
[0, 1, 2, 3, 9, 4, 8, 17, 19, 20, 15, 11, 6]
[0, 0]
[0, 1, 1, 0]
[0, 1, 2, 2, 1, 0]
[0, 1, 2, 3, 3, 2, 1, 0]
[0, 1, 2, 3, 9, 9, 3, 2, 1, 0]
[0, 1, 2, 3, 9, 4, 4, 9, 3, 2, 1, 0]
[0, 1, 2, 3, 9, 4, 8, 8, 4, 9, 3, 2, 1, 0]
[0, 1, 2, 3, 9, 4, 8, 17, 17, 8, 4, 9, 3, 2, 1, 0]
[0, 1, 2, 3, 9, 4, 8, 17, 19, 19, 17, 8, 4, 9, 3, 2, 1, 0]
[0, 1, 2, 3, 9, 4, 8, 17, 19, 20, 20, 19, 17, 8, 4, 9, 3, 2, 1, 0]
[0, 1, 2, 3, 9, 4, 8, 17, 19, 20, 15, 15, 20, 19, 17, 8, 4, 9, 3, 2, 1, 0]
[0, 1, 2, 3, 9, 4, 8, 17, 19, 20, 15, 11, 11, 15, 20, 19, 17, 8, 4, 9, 3, 2, 1, 0]
[0, 1, 2, 3, 9, 4, 8, 17, 19, 20, 15, 11, 6, 6, 11, 15, 20, 19, 17, 8, 4, 9, 3, 2, 1, 0]
[0, 1, 2, 3, 9, 4, 8, 17, 6]
[0, 0]
[0, 1, 1, 0]
[0, 1, 2, 2, 1, 0]
[0, 1, 2, 3, 3, 2, 1, 0]
[0, 1, 2, 3, 9, 9, 3, 2, 1, 0]
[0, 1, 2, 3, 9, 4, 4, 9, 3, 2, 1, 0]
[0, 1, 2, 3, 9, 4, 8, 8, 4, 9, 3, 2, 1, 0]
[0, 1, 2, 3, 9, 4, 8, 17, 17, 8, 4, 9, 3, 2, 1, 0]
[0, 1, 2, 3, 9, 4, 8, 17, 6, 6, 17, 8, 4, 9, 3, 2, 1, 0]
[0, 1, 2, 3, 9, 4, 8, 14, 19, 17, 6]
[0, 0]
[0, 1, 1, 0]
[0, 1, 2, 2, 1, 0]
[0, 1, 2, 3, 3, 2, 1, 0]
[0, 1, 2, 3, 9, 9, 3, 2, 1, 0]
[0, 1, 2, 3, 9, 4, 4, 9, 3, 2, 1, 0]
[0, 1, 2, 3, 9, 4, 8, 8, 4, 9, 3, 2, 1, 0]
[0, 1, 2, 3, 9, 4, 8, 14, 14, 8, 4, 9, 3, 2, 1, 0]
[0, 1, 2, 3, 9, 4, 8, 14, 19, 19, 14, 8, 4, 9, 3, 2, 1, 0]
[0, 1, 2, 3, 9, 4, 8, 14, 19, 17, 17, 19, 14, 8, 4, 9, 3, 2, 1, 0]
[0, 1, 2, 3, 9, 4, 8, 14, 19, 17, 6, 6, 17, 19, 14, 8, 4, 9, 3, 2, 1, 0]
[0, 1, 2, 3, 9, 4, 8, 14, 19, 20, 15, 11, 6]
[0, 0]
[0, 1, 1, 0]
[0, 1, 2, 2, 1, 0]
[0, 1, 2, 3, 3, 2, 1, 0]
[0, 1, 2, 3, 9, 9, 3, 2, 1, 0]
[0, 1, 2, 3, 9, 4, 4, 9, 3, 2, 1, 0]
[0, 1, 2, 3, 9, 4, 8, 8, 4, 9, 3, 2, 1, 0]
[0, 1, 2, 3, 9, 4, 8, 14, 14, 8, 4, 9, 3, 2, 1, 0]
[0, 1, 2, 3, 9, 4, 8, 14, 19, 19, 14, 8, 4, 9, 3, 2, 1, 0]
[0, 1, 2, 3, 9, 4, 8, 14, 19, 20, 20, 19, 14, 8, 4, 9, 3, 2, 1, 0]
[0, 1, 2, 3, 9, 4, 8, 14, 19, 20, 15, 15, 20, 19, 14, 8, 4, 9, 3, 2, 1, 0]
[0, 1, 2, 3, 9, 4, 8, 14, 19, 20, 15, 11, 11, 15, 20, 19, 14, 8, 4, 9, 3, 2, 1, 0]
[0, 1, 2, 3, 9, 4, 8, 14, 19, 20, 15, 11, 6, 6, 11, 15, 20, 19, 14, 8, 4, 9, 3, 2, 1, 0]
[0, 1, 2, 3, 6]
[0, 0]
[0, 1, 1, 0]
[0, 1, 2, 2, 1, 0]
[0, 1, 2, 3, 3, 2, 1, 0]
[0, 1, 2, 3, 6, 6, 3, 2, 1, 0]
[0, 1, 2, 3, 7, 8, 17, 19, 20, 15, 11, 6]
[0, 0]
[0, 1, 1, 0]
[0, 1, 2, 2, 1, 0]
[0, 1, 2, 3, 3, 2, 1, 0]
[0, 1, 2, 3, 7, 7, 3, 2, 1, 0]
[0, 1, 2, 3, 7, 8, 8, 7, 3, 2, 1, 0]
[0, 1, 2, 3, 7, 8, 17, 17, 8, 7, 3, 2, 1, 0]
[0, 1, 2, 3, 7, 8, 17, 19, 19, 17, 8, 7, 3, 2, 1, 0]
[0, 1, 2, 3, 7, 8, 17, 19, 20, 20, 19, 17, 8, 7, 3, 2, 1, 0]
[0, 1, 2, 3, 7, 8, 17, 19, 20, 15, 15, 20, 19, 17, 8, 7, 3, 2, 1, 0]
[0, 1, 2, 3, 7, 8, 17, 19, 20, 15, 11, 11, 15, 20, 19, 17, 8, 7, 3, 2, 1, 0]
[0, 1, 2, 3, 7, 8, 17, 19, 20, 15, 11, 6, 6, 11, 15, 20, 19, 17, 8, 7, 3, 2, 1, 0]
[0, 1, 2, 3, 7, 8, 17, 6]
[0, 0]
[0, 1, 1, 0]
[0, 1, 2, 2, 1, 0]
[0, 1, 2, 3, 3, 2, 1, 0]
[0, 1, 2, 3, 7, 7, 3, 2, 1, 0]
[0, 1, 2, 3, 7, 8, 8, 7, 3, 2, 1, 0]
[0, 1, 2, 3, 7, 8, 17, 17, 8, 7, 3, 2, 1, 0]
[0, 1, 2, 3, 7, 8, 17, 6, 6, 17, 8, 7, 3, 2, 1, 0]
[0, 1, 2, 3, 7, 8, 14, 19, 17, 6]
[0, 0]
[0, 1, 1, 0]
[0, 1, 2, 2, 1, 0]
[0, 1, 2, 3, 3, 2, 1, 0]
[0, 1, 2, 3, 7, 7, 3, 2, 1, 0]
[0, 1, 2, 3, 7, 8, 8, 7, 3, 2, 1, 0]
[0, 1, 2, 3, 7, 8, 14, 14, 8, 7, 3, 2, 1, 0]
[0, 1, 2, 3, 7, 8, 14, 19, 19, 14, 8, 7, 3, 2, 1, 0]
[0, 1, 2, 3, 7, 8, 14, 19, 17, 17, 19, 14, 8, 7, 3, 2, 1, 0]
[0, 1, 2, 3, 7, 8, 14, 19, 17, 6, 6, 17, 19, 14, 8, 7, 3, 2, 1, 0]
[0, 1, 2, 3, 7, 8, 14, 19, 20, 15, 11, 6]
[0, 0]
[0, 1, 1, 0]
[0, 1, 2, 2, 1, 0]
[0, 1, 2, 3, 3, 2, 1, 0]
[0, 1, 2, 3, 7, 7, 3, 2, 1, 0]
[0, 1, 2, 3, 7, 8, 8, 7, 3, 2, 1, 0]
[0, 1, 2, 3, 7, 8, 14, 14, 8, 7, 3, 2, 1, 0]
[0, 1, 2, 3, 7, 8, 14, 19, 19, 14, 8, 7, 3, 2, 1, 0]
[0, 1, 2, 3, 7, 8, 14, 19, 20, 20, 19, 14, 8, 7, 3, 2, 1, 0]
[0, 1, 2, 3, 7, 8, 14, 19, 20, 15, 15, 20, 19, 14, 8, 7, 3, 2, 1, 0]
[0, 1, 2, 3, 7, 8, 14, 19, 20, 15, 11, 11, 15, 20, 19, 14, 8, 7, 3, 2, 1, 0]
[0, 1, 2, 3, 7, 8, 14, 19, 20, 15, 11, 6, 6, 11, 15, 20, 19, 14, 8, 7, 3, 2, 1, 0]
[0, 1, 2, 12, 16, 10, 5, 11, 6]
[0, 0]
[0, 1, 1, 0]
[0, 1, 2, 2, 1, 0]
[0, 1, 2, 12, 12, 2, 1, 0]
[0, 1, 2, 12, 16, 16, 12, 2, 1, 0]
[0, 1, 2, 12, 16, 10, 10, 16, 12, 2, 1, 0]
[0, 1, 2, 12, 16, 10, 5, 5, 10, 16, 12, 2, 1, 0]
[0, 1, 2, 12, 16, 10, 5, 11, 11, 5, 10, 16, 12, 2, 1, 0]
[0, 1, 2, 12, 16, 10, 5, 11, 6, 6, 11, 5, 10, 16, 12, 2, 1, 0]
[0, 1, 2, 12, 16, 10, 5, 11, 15, 20, 19, 17, 8, 4, 9, 3, 6]
[0, 0]
[0, 1, 1, 0]
[0, 1, 2, 2, 1, 0]
[0, 1, 2, 12, 12, 2, 1, 0]
[0, 1, 2, 12, 16, 16, 12, 2, 1, 0]
[0, 1, 2, 12, 16, 10, 10, 16, 12, 2, 1, 0]
[0, 1, 2, 12, 16, 10, 5, 5, 10, 16, 12, 2, 1, 0]
[0, 1, 2, 12, 16, 10, 5, 11, 11, 5, 10, 16, 12, 2, 1, 0]
[0, 1, 2, 12, 16, 10, 5, 11, 15, 15, 11, 5, 10, 16, 12, 2, 1, 0]
[0, 1, 2, 12, 16, 10, 5, 11, 15, 20, 20, 15, 11, 5, 10, 16, 12, 2, 1, 0]
[0, 1, 2, 12, 16, 10, 5, 11, 15, 20, 19, 19, 20, 15, 11, 5, 10, 16, 12, 2, 1, 0]
[0, 1, 2, 12, 16, 10, 5, 11, 15, 20, 19, 17, 17, 19, 20, 15, 11, 5, 10, 16, 12, 2, 1, 0]
[0, 1, 2, 12, 16, 10, 5, 11, 15, 20, 19, 17, 8, 8, 17, 19, 20, 15, 11, 5, 10, 16, 12, 2, 1, 0]
[0, 1, 2, 12, 16, 10, 5, 11, 15, 20, 19, 17, 8, 4, 4, 8, 17, 19, 20, 15, 11, 5, 10, 16, 12, 2, 1, 0]
[0, 1, 2, 12, 16, 10, 5, 11, 15, 20, 19, 17, 8, 4, 9, 9, 4, 8, 17, 19, 20, 15, 11, 5, 10, 16, 12, 2, 1, 0]
[0, 1, 2, 12, 16, 10, 5, 11, 15, 20, 19, 17, 8, 4, 9, 3, 3, 9, 4, 8, 17, 19, 20, 15, 11, 5, 10, 16, 12, 2, 1, 0]
[0, 1, 2, 12, 16, 10, 5, 11, 15, 20, 19, 17, 8, 4, 9, 3, 6, 6, 3, 9, 4, 8, 17, 19, 20, 15, 11, 5, 10, 16, 12, 2, 1, 0]
[0, 1, 2, 12, 16, 10, 5, 11, 15, 20, 19, 17, 8, 7, 3, 6]
[0, 0]
[0, 1, 1, 0]
[0, 1, 2, 2, 1, 0]
[0, 1, 2, 12, 12, 2, 1, 0]
[0, 1, 2, 12, 16, 16, 12, 2, 1, 0]
[0, 1, 2, 12, 16, 10, 10, 16, 12, 2, 1, 0]
[0, 1, 2, 12, 16, 10, 5, 5, 10, 16, 12, 2, 1, 0]
[0, 1, 2, 12, 16, 10, 5, 11, 11, 5, 10, 16, 12, 2, 1, 0]
[0, 1, 2, 12, 16, 10, 5, 11, 15, 15, 11, 5, 10, 16, 12, 2, 1, 0]
[0, 1, 2, 12, 16, 10, 5, 11, 15, 20, 20, 15, 11, 5, 10, 16, 12, 2, 1, 0]
[0, 1, 2, 12, 16, 10, 5, 11, 15, 20, 19, 19, 20, 15, 11, 5, 10, 16, 12, 2, 1, 0]
[0, 1, 2, 12, 16, 10, 5, 11, 15, 20, 19, 17, 17, 19, 20, 15, 11, 5, 10, 16, 12, 2, 1, 0]
[0, 1, 2, 12, 16, 10, 5, 11, 15, 20, 19, 17, 8, 8, 17, 19, 20, 15, 11, 5, 10, 16, 12, 2, 1, 0]
[0, 1, 2, 12, 16, 10, 5, 11, 15, 20, 19, 17, 8, 7, 7, 8, 17, 19, 20, 15, 11, 5, 10, 16, 12, 2, 1, 0]
[0, 1, 2, 12, 16, 10, 5, 11, 15, 20, 19, 17, 8, 7, 3, 3, 7, 8, 17, 19, 20, 15, 11, 5, 10, 16, 12, 2, 1, 0]
[0, 1, 2, 12, 16, 10, 5, 11, 15, 20, 19, 17, 8, 7, 3, 6, 6, 3, 7, 8, 17, 19, 20, 15, 11, 5, 10, 16, 12, 2, 1, 0]
[0, 1, 2, 12, 16, 10, 5, 11, 15, 20, 19, 17, 6]
[0, 0]
[0, 1, 1, 0]
[0, 1, 2, 2, 1, 0]
[0, 1, 2, 12, 12, 2, 1, 0]
[0, 1, 2, 12, 16, 16, 12, 2, 1, 0]
[0, 1, 2, 12, 16, 10, 10, 16, 12, 2, 1, 0]
[0, 1, 2, 12, 16, 10, 5, 5, 10, 16, 12, 2, 1, 0]
[0, 1, 2, 12, 16, 10, 5, 11, 11, 5, 10, 16, 12, 2, 1, 0]
[0, 1, 2, 12, 16, 10, 5, 11, 15, 15, 11, 5, 10, 16, 12, 2, 1, 0]
[0, 1, 2, 12, 16, 10, 5, 11, 15, 20, 20, 15, 11, 5, 10, 16, 12, 2, 1, 0]
[0, 1, 2, 12, 16, 10, 5, 11, 15, 20, 19, 19, 20, 15, 11, 5, 10, 16, 12, 2, 1, 0]
[0, 1, 2, 12, 16, 10, 5, 11, 15, 20, 19, 17, 17, 19, 20, 15, 11, 5, 10, 16, 12, 2, 1, 0]
[0, 1, 2, 12, 16, 10, 5, 11, 15, 20, 19, 17, 6, 6, 17, 19, 20, 15, 11, 5, 10, 16, 12, 2, 1, 0]
[0, 1, 2, 12, 16, 10, 5, 11, 15, 20, 19, 14, 8, 17, 6]
[0, 0]
[0, 1, 1, 0]
[0, 1, 2, 2, 1, 0]
[0, 1, 2, 12, 12, 2, 1, 0]
[0, 1, 2, 12, 16, 16, 12, 2, 1, 0]
[0, 1, 2, 12, 16, 10, 10, 16, 12, 2, 1, 0]
[0, 1, 2, 12, 16, 10, 5, 5, 10, 16, 12, 2, 1, 0]
[0, 1, 2, 12, 16, 10, 5, 11, 11, 5, 10, 16, 12, 2, 1, 0]
[0, 1, 2, 12, 16, 10, 5, 11, 15, 15, 11, 5, 10, 16, 12, 2, 1, 0]
[0, 1, 2, 12, 16, 10, 5, 11, 15, 20, 20, 15, 11, 5, 10, 16, 12, 2, 1, 0]
[0, 1, 2, 12, 16, 10, 5, 11, 15, 20, 19, 19, 20, 15, 11, 5, 10, 16, 12, 2, 1, 0]
[0, 1, 2, 12, 16, 10, 5, 11, 15, 20, 19, 14, 14, 19, 20, 15, 11, 5, 10, 16, 12, 2, 1, 0]
[0, 1, 2, 12, 16, 10, 5, 11, 15, 20, 19, 14, 8, 8, 14, 19, 20, 15, 11, 5, 10, 16, 12, 2, 1, 0]
[0, 1, 2, 12, 16, 10, 5, 11, 15, 20, 19, 14, 8, 17, 17, 8, 14, 19, 20, 15, 11, 5, 10, 16, 12, 2, 1, 0]
[0, 1, 2, 12, 16, 10, 5, 11, 15, 20, 19, 14, 8, 17, 6, 6, 17, 8, 14, 19, 20, 15, 11, 5, 10, 16, 12, 2, 1, 0]
[0, 1, 2, 12, 16, 10, 5, 11, 15, 20, 19, 14, 8, 4, 9, 3, 6]
[0, 0]
[0, 1, 1, 0]
[0, 1, 2, 2, 1, 0]
[0, 1, 2, 12, 12, 2, 1, 0]
[0, 1, 2, 12, 16, 16, 12, 2, 1, 0]
[0, 1, 2, 12, 16, 10, 10, 16, 12, 2, 1, 0]
[0, 1, 2, 12, 16, 10, 5, 5, 10, 16, 12, 2, 1, 0]
[0, 1, 2, 12, 16, 10, 5, 11, 11, 5, 10, 16, 12, 2, 1, 0]
[0, 1, 2, 12, 16, 10, 5, 11, 15, 15, 11, 5, 10, 16, 12, 2, 1, 0]
[0, 1, 2, 12, 16, 10, 5, 11, 15, 20, 20, 15, 11, 5, 10, 16, 12, 2, 1, 0]
[0, 1, 2, 12, 16, 10, 5, 11, 15, 20, 19, 19, 20, 15, 11, 5, 10, 16, 12, 2, 1, 0]
[0, 1, 2, 12, 16, 10, 5, 11, 15, 20, 19, 14, 14, 19, 20, 15, 11, 5, 10, 16, 12, 2, 1, 0]
[0, 1, 2, 12, 16, 10, 5, 11, 15, 20, 19, 14, 8, 8, 14, 19, 20, 15, 11, 5, 10, 16, 12, 2, 1, 0]
[0, 1, 2, 12, 16, 10, 5, 11, 15, 20, 19, 14, 8, 4, 4, 8, 14, 19, 20, 15, 11, 5, 10, 16, 12, 2, 1, 0]
[0, 1, 2, 12, 16, 10, 5, 11, 15, 20, 19, 14, 8, 4, 9, 9, 4, 8, 14, 19, 20, 15, 11, 5, 10, 16, 12, 2, 1, 0]
[0, 1, 2, 12, 16, 10, 5, 11, 15, 20, 19, 14, 8, 4, 9, 3, 3, 9, 4, 8, 14, 19, 20, 15, 11, 5, 10, 16, 12, 2, 1, 0]
[0, 1, 2, 12, 16, 10, 5, 11, 15, 20, 19, 14, 8, 4, 9, 3, 6, 6, 3, 9, 4, 8, 14, 19, 20, 15, 11, 5, 10, 16, 12, 2, 1, 0]
[0, 1, 2, 12, 16, 10, 5, 11, 15, 20, 19, 14, 8, 7, 3, 6]
[0, 0]
[0, 1, 1, 0]
[0, 1, 2, 2, 1, 0]
[0, 1, 2, 12, 12, 2, 1, 0]
[0, 1, 2, 12, 16, 16, 12, 2, 1, 0]
[0, 1, 2, 12, 16, 10, 10, 16, 12, 2, 1, 0]
[0, 1, 2, 12, 16, 10, 5, 5, 10, 16, 12, 2, 1, 0]
[0, 1, 2, 12, 16, 10, 5, 11, 11, 5, 10, 16, 12, 2, 1, 0]
[0, 1, 2, 12, 16, 10, 5, 11, 15, 15, 11, 5, 10, 16, 12, 2, 1, 0]
[0, 1, 2, 12, 16, 10, 5, 11, 15, 20, 20, 15, 11, 5, 10, 16, 12, 2, 1, 0]
[0, 1, 2, 12, 16, 10, 5, 11, 15, 20, 19, 19, 20, 15, 11, 5, 10, 16, 12, 2, 1, 0]
[0, 1, 2, 12, 16, 10, 5, 11, 15, 20, 19, 14, 14, 19, 20, 15, 11, 5, 10, 16, 12, 2, 1, 0]
[0, 1, 2, 12, 16, 10, 5, 11, 15, 20, 19, 14, 8, 8, 14, 19, 20, 15, 11, 5, 10, 16, 12, 2, 1, 0]
[0, 1, 2, 12, 16, 10, 5, 11, 15, 20, 19, 14, 8, 7, 7, 8, 14, 19, 20, 15, 11, 5, 10, 16, 12, 2, 1, 0]
[0, 1, 2, 12, 16, 10, 5, 11, 15, 20, 19, 14, 8, 7, 3, 3, 7, 8, 14, 19, 20, 15, 11, 5, 10, 16, 12, 2, 1, 0]
[0, 1, 2, 12, 16, 10, 5, 11, 15, 20, 19, 14, 8, 7, 3, 6, 6, 3, 7, 8, 14, 19, 20, 15, 11, 5, 10, 16, 12, 2, 1, 0]
[0, 6]
[0, 0]
[0, 6, 6, 0]
